0 -260.8640434541449 873.5605939897589
1 610.2788628463591 897.3116021260312
2 -313.15287819036627 630.9173320893884
3 -529.3216783339716 -444.10000403132926
4 -384.34211695148997 698.9808057748678
5 874.5894821831698 1058.024331848693
6 -75.67973709666776 363.5859819612098
7 470.1570846236647 -382.83652043366317
8 -549.8968302152126 -339.142202525828
9 -179.7446889397111 786.2002899010728
10 -441.12208893754723 -83.12301324776763
11 -559.5412689893483 -115.90209377559964
12 1206.5105901053357 -485.86007672465246
13 916.3560137791569 589.2249164966058
14 907.447245876433 820.8574661620031
15 -710.0808717029563 -136.925804543323
16 -323.802074070597 -249.42488217730758
17 -333.03578762744064 950.4778817471025
18 645.9963835503052 -500.9790714884787
19 463.4066621458515 948.4325316447321
20 584.8527221318647 -571.5393399591554
21 -494.2212498378049 -326.2718359281962
22 879.9721114284615 -579.0705037770917
23 632.6705390802047 -503.54160295121346
24 1170.6691305181466 -713.4879070712149
25 1041.5353904840829 1020.0518790121195
26 -241.65862933473238 708.3253235504716
27 -573.534475114025 -197.88033472559837
28 455.6083994425542 -472.6571765558021
29 1095.0383138600469 -647.898185599686
30 -243.5755790321925 -101.65877323304431
31 806.4064726742904 1057.6081694580473
32 -107.26740273636673 791.3231002218693
33 481.87714951006745 -493.2817238125269
34 729.1150414030236 893.851307469901
35 1171.189929010159 -326.73938046484477
36 -49.7772941453523 900.6787838170192
37 583.6378099415822 909.6223958525682
38 1018.8560681306735 -578.3847675800247
39 -274.9554379785078 997.2639453120771
40 -661.4371673140986 -189.65983967065102
41 827.284994548783 955.8231182841114
42 -450.03071719751347 728.482943526402
43 -220.3702788892416 750.3181929895214
44 -459.9347405194996 -203.49371789317587
45 747.6967434878113 1076.8772581999692
46 458.3282717465353 -404.2718673479428
47 866.6843109984925 -686.8748972136997
48 536.4811046728644 -454.390264528059
49 -460.0670958854417 -210.10647232293786
50 -407.65301961383454 702.9332921288662
51 -527.0948181612146 -320.14026914063106
52 1024.7492169831069 -909.27533773645
53 851.2662764564204 -939.3942817448315
54 549.0940850592531 -515.4134169290049
55 343.7814902480776 1181.782564786355
56 -589.1328731219996 -143.90618903536324
57 1089.6528957008152 809.3326081802063
58 1134.6984501613506 -776.9495144015236
59 -145.65991756790058 698.936056737096
60 -619.0423818103329 -278.69115546281995
61 637.5000473703153 -534.5935292670382
62 646.890579562653 -536.8004428669544
63 773.0455489466622 654.0530498443707
64 -790.0235138955774 -240.21645592747097
65 -481.29919130999133 830.4654618603888
66 -354.40539585811985 -219.45263397116346
67 942.3397767345618 -180.33151561094041
68 -315.06990757119706 -175.05637243412679
69 626.5460608793694 -455.06092633964454
70 796.3503478454327 -391.1754475553655
71 -532.1043803934184 -149.58168252934655
72 -493.06691606474584 -318.7053747496862
73 514.9509887059216 -357.8301513369606
74 994.3750731812547 -475.5198545427149
75 -497.1884131088552 -416.6261719044881
76 57.70448830357009 573.6912364541672
77 -421.2046276717414 -316.086466255103
78 -406.92495906163833 -418.68692800691855
79 594.1974776419609 -561.9679324719241
80 559.4337080717653 1088.9863082243041
81 -214.30597418645246 695.097877718278
82 499.487560961146 -470.05077463442444
83 940.5293263237568 930.8243964126406
84 -405.59237316854757 -480.4317925223068
85 -793.6001308907094 -401.38770256327416
86 -321.8510468309425 576.6323485182234
87 1042.00742412235 1036.7405304950928
88 645.4034905928473 -456.7199847813243
89 890.8239615241547 1070.9748392856654
90 615.0946390744593 -393.0899214139274
91 -278.42045321769865 -363.98723928370055
92 655.5456116544452 -539.0130943827985
93 -550.1805514599739 -62.785176981640404
94 -496.6521750235037 -102.85002932236401
95 833.9654330995113 1087.8344568041186
96 -647.4692813002118 741.8503144202524
97 959.516232387448 -397.7075217098653
98 1032.076506941051 -636.3259954808225
99 959.8840227126875 -559.703644718274
